#http://www.ncbi.nlm.nih.gov/pubmed/8836100?dopt=AbstractPlus
#http://blanco.biomol.uci.edu/hydrophobicity_scales.html
aa	interface	interface.sd	octanol	octanol.sd	octanol.interface	octanol.interface.sd
A	0.17	0.06	0.5	0.12	0.33	0.12
R	0.81	0.11	1.81	0.13	1	0.17
N	0.42	0.06	0.85	0.12	0.43	0.13
D	1.23	0.07	3.64	0.17	2.41	0.18
D.neut	-0.07 	0.11	0.43	0.13	0.5	0.17
C	-0.24 	0.06	-0.02 	0.13	0.22	0.14
Q	0.58	0.08	0.77	0.12	0.19	0.14
E	2.02	0.11	3.63	0.18	1.61	0.21
E.neut	-0.01	0.15	0.11	0.12	0.12	0.19
G	0.01	0.05	1.15	0.11	1.14	0.12
H	0.96	0.12	2.33	0.11	1.37	0.16
H.neut	0.17	0.06	0.11	0.11	-0.06 	0.13
I	-0.31 	0.06	-1.12 	0.11	-0.81 	0.13
L	-0.56 	0.04	-1.25 	0.11	-0.69 	0.12
K	0.99	0.11	2.8	0.11	1.81	0.16
M	-0.23 	0.06	-0.67 	0.11	-0.44 	0.13
F	-1.13 	0.05	-1.71 	0.11	-0.58 	0.12
P	0.45	0.12	0.14	0.11	-0.31 	0.16
S	0.13	0.08	0.46	0.11	0.33	0.14
T	0.14	0.06	0.25	0.11	0.11	0.13
W	-1.85 	0.06	-2.09 	0.11	-0.24 	0.13
Y	-0.94 	0.06	-0.71 	0.11	0.23	0.13
V	0.07	0.05	-0.46 	0.11	-0.53 	0.12
